Python 2.7.12 (default, Oct  8 2019, 14:14:10) 
[GCC 5.4.0 20160609] on linux2
Type "help", "copyright", "credits" or "license" for more information.
>>> import pscore
>>> x = pscore.Graph()
>>> x.RankByVenues()
==== Loaded dataset in 28.4565 seconds.
==== Rank by groups took 9.31751 seconds.
[2646, 1422, 3837, 1092, 403, 5621, 4658, 2048, 1440, 2595, 5301, 6723, 3016, 2387, 2872, 4567, 6643, 2405, 6697, 474, 2963, 6547, 4467, 5484, 2461, 4460, 2926, 4454, 1671, 6642, 3093, 6438, 2557, 2661, 6066, 2996, 3041, 5382, 3769, 5156, 1042, 1788, 2470, 3345, 4812, 1049, 787, 1464, 1346, 4313, 4829, 5927, 6127, 2375, 1361, 1263, 6658, 3874, 5216, 6208, 4051, 4044, 2468, 4057, 5753, 6478, 3672, 2589, 4405, 5284, 4852, 1140, 5322, 4161, 2161, 4905, 6751, 771, 4466, 2424, 6731, 5221, 4589, 4459, 772, 6572, 4456, 6343, 4462, 3649, 4594, 1444, 6265, 3920, 2400, 5625, 5233, 6741, 3042, 1277, 2580, 4849, 6095, 6747, 4593, 1885, 3590, 614, 6018, 2283, 6758, 2637, 4735, 6251, 2316, 1231, 2308, 1249, 2067, 721, 6693, 2639, 3934, 1619, 5334, 3100, 6761, 3000, 2942, 4229, 4053, 5449, 6621, 4475, 6762, 3074, 6703, 6719, 3589, 1008, 3688, 2891, 5475, 2481, 3798, 4951, 4069, 3180, 632, 6453, 2736, 2297, 2272, 5363, 2650, 5525, 6353, 6449, 580, 6734, 3207, 5262, 6280, 3436, 1777, 647, 4241, 6722, 3127, 405, 2241, 3133, 6756, 1255, 4997, 1975, 5333, 390, 5448, 6573, 657, 2273, 6708, 5421, 6596, 6070, 6498, 6655, 2593, 922, 4315, 6455, 4989, 6386, 368, 2152, 6074, 3419, 4360, 5137]
>>> x.RankByAuthors()
==== Loaded dataset in 28.1643 seconds.
[4462, 4295, 1140, 4613, 3314, 6083, 6570, 5156, 4795, 6444, 2712, 4164, 6023, 4466, 6642, 6019, 6173, 1679, 6725, 4039, 5363, 5137, 4012, 5010, 4325, 1326, 1817, 2926, 4182, 5575, 6567, 2876, 5013, 5119, 6703, 934, 6027, 6696, 673, 3649, 2481, 2580, 3616, 4360, 6032, 6756, 4308, 6374, 2161, 2400, 2814, 6005, 6066, 1591, 3552, 3668, 3882, 6131, 6279, 6527, 1327, 1566, 1708, 1816, 2074, 2470, 3125, 5460, 5690, 6014, 6572, 474, 780, 880, 924, 1056, 1057, 1092, 1639, 2129, 2247, 2736, 3345, 3382, 3731, 3769, 4294, 4443, 5008, 5441, 5548, 6186, 6517, 6591, 6647, 996, 2087, 2530, 2589, 3506, 3529, 3816, 3963, 4035, 4126, 4454, 4860, 4989, 5389, 5638, 6087, 6251, 6497, 6564, 6598, 6638, 6675, 6731]
>>> x.RankByGroups()
==== Loaded dataset in 28.3816 seconds.
==== Rank by venues took 13.9848 seconds.
[1140, 4462, 5156, 3345, 5137, 2470, 2481, 6703, 403, 1679, 4795, 4467, 2872, 4360, 6567, 6478, 4399, 2736, 4905, 6725, 1460, 474, 1187, 3961, 2595, 3649, 603, 1711, 4039, 3837, 6023, 3314, 6019, 6300, 5008, 6083, 1855, 5063, 2589, 1092, 880, 2712, 6779, 6702, 6696, 780, 3882, 4164, 4960, 2306, 3769, 731, 1788, 5441, 5449, 6032, 6572, 6568, 5548, 6798, 4613, 4257, 6765, 1523, 2468, 2924, 5460, 1093, 5013, 5301, 4182, 6208, 3545, 6027, 1422, 6128, 1817, 2152, 1255, 6374, 6741, 6722, 3661, 5912, 2365, 2876, 4567, 6014, 1361, 5006, 3616, 4560, 4053, 2734, 1030, 5421, 5382, 6361, 6796, 5290, 5363, 4658, 5467, 4812, 2557, 518, 6711, 1816, 529, 4459, 868, 2624, 3844, 4630, 5040, 1286, 5284, 3471, 2048, 3382, 2728, 2308, 614, 6018, 6713, 2387, 6756, 2926, 5185, 657, 6750, 6591, 604, 5550, 1444, 6726, 2318, 787, 4397, 1468, 3148, 4555, 6708, 6751, 6438, 6517, 5538, 6642, 3983, 2580, 6640, 6547, 6658, 2860, 1524, 946, 4538, 1126, 1307, 2717, 6301, 4836, 4010, 405, 2241, 2963, 1661, 6175, 5575, 2702, 1175, 2929, 4535, 5216, 1566, 6127, 3207, 6353, 5221, 1580, 2639, 2465, 4184, 4707, 5961, 3936, 6498, 380, 4629, 5346, 6693, 5890, 3939, 3081, 1767, 6728, 766, 2875, 6066, 6578]
